#t	AX1
0.0000	0.0
0.0639	0.3
0.0320	0.1
0.0479	0.2
0.0639	0.3
0.0799	0.3
0.0959	0.4
0.1119	0.5
0.1278	0.5
0.1438	0.6
0.1598	0.7
0.1758	0.7
0.1918	0.8
0.2077	0.8
0.2237	0.9
0.2397	1.0
0.2557	1.0
0.2717	1.1
0.2876	1.2
0.3036	1.2
0.3196	1.3
0.3356	1.4
0.3516	1.4
0.3675	1.5
0.3835	1.6
0.3995	1.6
0.4155	1.7
0.4315	1.8
0.4474	1.8
0.4634	1.9
0.4794	1.9
0.4954	2.0
0.5114	2.1
0.5273	2.1
0.5433	2.2
0.5593	2.3
0.5753	2.3
0.5913	2.4
0.6072	2.5
0.6232	2.5
0.6392	2.6
0.6552	2.6
0.6712	2.7
0.6871	2.8
0.7031	2.8
0.7191	2.9
0.7351	3.0
0.7511	3.0
0.7670	3.1
0.7830	3.1
0.7990	3.2
0.8150	3.3
0.8310	3.3
0.8469	3.4
0.8629	3.5
0.8789	3.5
0.8949	3.6
0.9109	3.6
0.9268	3.7
0.9428	3.8
0.9588	3.8
0.9748	3.9
0.9908	3.9
1.0067	4.0
1.0227	4.1
1.0387	4.1
1.0547	4.2
1.0707	4.2
1.0866	4.3
1.1026	4.4
1.1186	4.4
1.1346	4.5
1.1506	4.5
1.1665	4.6
1.1825	4.7
1.1985	4.7
1.2145	4.8
1.2305	4.8
1.2464	4.9
1.2624	4.9
1.2784	5.0
1.2944	5.1
1.3104	5.1
1.3263	5.2
1.3423	5.2
1.3583	5.3
1.3743	5.3
1.3903	5.4
1.4062	5.5
1.4222	5.5
1.4382	5.6
1.4542	5.6
1.4702	5.7
1.4861	5.7
1.5021	5.8
1.5181	5.8
1.5341	5.9
1.5501	5.9
1.5660	6.0
1.5820	6.1
1.5980	6.1
1.6140	6.2
1.6300	6.2
1.6459	6.3
1.6619	6.3
1.6779	6.4
1.6939	6.4
1.7099	6.5
1.7258	6.5
1.7418	6.6
1.7578	6.6
1.7738	6.7
1.7898	6.7
1.8057	6.8
1.8217	6.8
1.8377	6.9
1.8537	6.9
1.8697	7.0
1.8856	7.0
1.9016	7.1
1.9176	7.1
1.9336	7.2
1.9496	7.2
1.9655	7.3
1.9815	7.3
1.9975	7.3
2.0135	7.4
2.0295	7.4
2.0454	7.5
2.0614	7.5
2.0774	7.6
2.0934	7.6
2.1094	7.7
2.1253	7.7
2.1413	7.8
2.1573	7.8
2.1733	7.8
2.1893	7.9
2.2052	7.9
2.2212	8.0
2.2372	8.0
2.2532	8.0
2.2692	8.1
2.2851	8.1
2.3011	8.2
2.3171	8.2
2.3331	8.3
2.3491	8.3
2.3650	8.3
2.3810	8.4
2.3970	8.4
2.4130	8.4
2.4290	8.5
2.4449	8.5
2.4609	8.6
2.4769	8.6
2.4929	8.6
2.5089	8.7
2.5248	8.7
2.5408	8.7
2.5568	8.8
2.5728	8.8
2.5888	8.8
2.6047	8.9
2.6207	8.9
2.6367	8.9
2.6527	9.0
2.6687	9.0
2.6846	9.0
2.7006	9.1
2.7166	9.1
2.7326	9.1
2.7486	9.2
2.7645	9.2
2.7805	9.2
2.7965	9.3
2.8125	9.3
2.8285	9.3
2.8444	9.3
2.8604	9.4
2.8764	9.4
2.8924	9.4
2.9084	9.5
2.9243	9.5
2.9403	9.5
2.9563	9.5
2.9723	9.6
2.9883	9.6
3.0042	9.6
3.0202	9.6
3.0362	9.7
3.0522	9.7
3.0682	9.7
3.0841	9.7
3.1001	9.8
3.1161	9.8
3.1321	9.8
3.1481	9.8
3.1640	9.8
3.1800	9.9
3.1960	9.9
3.2120	9.9
3.2280	9.9
3.2439	9.9
3.2599	10.0
3.2759	10.0
3.2919	10.0
3.3079	10.0
3.3238	10.0
3.3398	10.1
3.3558	10.1
3.3718	10.1
3.3878	10.1
3.4037	10.1
3.4197	10.1
3.4357	10.1
3.4517	10.2
3.4677	10.2
3.4836	10.2
3.4996	10.2
3.5156	10.2
3.5316	10.2
3.5476	10.2
3.5635	10.2
3.5795	10.3
3.5955	10.3
3.6115	10.3
3.6275	10.3
3.6434	10.3
3.6594	10.3
3.6754	10.3
3.6914	10.3
3.7074	10.3
3.7233	10.3
3.7393	10.3
3.7553	10.4
3.7713	10.4
3.7873	10.4
3.8032	10.4
3.8192	10.4
3.8352	10.4
3.8512	10.4
3.8672	10.4
3.8831	10.4
3.8991	10.4
3.9151	10.4
3.9311	10.4
3.9471	10.4
3.9630	10.4
3.9790	10.4
3.9950	10.4
4.0110	10.4
4.0270	10.4
4.0429	10.4
4.0589	10.4
4.0749	10.4
4.0909	10.4
4.1069	10.4
4.1228	10.4
4.1388	10.4
4.1548	10.4
4.1708	10.4
4.1868	10.4
4.2027	10.4
4.2187	10.4
4.2347	10.4
4.2507	10.3
4.2667	10.3
4.2826	10.3
4.2986	10.3
4.3146	10.3
4.3306	10.3
4.3466	10.3
4.3625	10.3
4.3785	10.3
4.3945	10.3
4.4105	10.3
4.4265	10.3
4.4424	10.2
4.4584	10.2
4.4744	10.2
4.4904	10.2
4.5064	10.2
4.5223	10.2
4.5383	10.2
4.5543	10.2
4.5703	10.1
4.5863	10.1
4.6022	10.1
4.6182	10.1
4.6342	10.1
4.6502	10.1
4.6662	10.0
4.6821	10.0
4.6981	10.0
4.7141	10.0
4.7301	10.0
4.7461	10.0
4.7620	9.9
4.7780	9.9
4.7940	9.9
4.8100	9.9
4.8260	9.9
4.8419	9.8
4.8579	9.8
4.8739	9.8
4.8899	9.8
4.9059	9.7
4.9218	9.7
4.9378	9.7
4.9538	9.7
4.9698	9.7
4.9858	9.6
5.0017	9.6
5.0177	9.6
5.0337	9.6
5.0497	9.5
5.0657	9.5
5.0816	9.5
5.0976	9.4
5.1136	9.4
5.1296	9.4
5.1456	9.4
5.1615	9.3
5.1775	9.3
5.1935	9.3
5.2095	9.2
5.2255	9.2
5.2414	9.2
5.2574	9.2
5.2734	9.1
5.2894	9.1
5.3054	9.1
5.3213	9.0
5.3373	9.0
5.3533	9.0
5.3693	8.9
5.3853	8.9
5.4012	8.9
5.4172	8.8
5.4332	8.8
5.4492	8.8
5.4652	8.7
5.4811	8.7
5.4971	8.7
5.5131	8.6
5.5291	8.6
5.5451	8.5
5.5610	8.5
5.5770	8.5
5.5930	8.4
5.6090	8.4
5.6250	8.4
5.6409	8.3
5.6569	8.3
5.6729	8.2
5.6889	8.2
5.7049	8.2
5.7208	8.1
5.7368	8.1
5.7528	8.0
5.7688	8.0
5.7848	7.9
5.8007	7.9
5.8167	7.9
5.8327	7.8
5.8487	7.8
5.8647	7.7
5.8806	7.7
5.8966	7.6
5.9126	7.6
5.9286	7.6
5.9446	7.5
5.9605	7.5
5.9765	7.4
5.9925	7.4
6.0085	7.3
6.0245	7.3
6.0404	7.2
6.0564	7.2
6.0724	7.1
6.0884	7.1
6.1044	7.0
6.1203	7.0
6.1363	6.9
6.1523	6.9
6.1683	6.9
6.1843	6.8
6.2002	6.8
6.2162	6.7
6.2322	6.7
6.2482	6.6
6.2642	6.6
6.2801	6.5
6.2961	6.5
6.3121	6.4
6.3281	6.3
6.3441	6.3
6.3600	6.2
6.3760	6.2
6.3920	6.1
6.4080	6.1
6.4240	6.0
6.4399	6.0
6.4559	5.9
6.4719	5.9
6.4879	5.8
6.5039	5.8
6.5198	5.7
6.5358	5.7
6.5518	5.6
6.5678	5.5
6.5838	5.5
6.5997	5.4
6.6157	5.4
6.6317	5.3
6.6477	5.3
6.6637	5.2
6.6796	5.2
6.6956	5.1
6.7116	5.0
6.7276	5.0
6.7436	4.9
6.7595	4.9
6.7755	4.8
6.7915	4.8
6.8075	4.7
6.8235	4.6
6.8394	4.6
6.8554	4.5
6.8714	4.5
6.8874	4.4
6.9034	4.3
6.9193	4.3
6.9353	4.2
6.9513	4.2
6.9673	4.1
6.9833	4.0
6.9992	4.0
7.0152	3.9
7.0312	3.9
7.0472	3.8
7.0632	3.7
7.0791	3.7
7.0951	3.6
7.1111	3.6
7.1271	3.5
7.1431	3.4
7.1590	3.4
7.1750	3.3
7.1910	3.2
7.2070	3.2
7.2230	3.1
7.2389	3.1
7.2549	3.0
7.2709	2.9
7.2869	2.9
7.3029	2.8
7.3188	2.7
7.3348	2.7
7.3508	2.6
7.3668	2.6
7.3828	2.5
7.3987	2.4
7.4147	2.4
7.4307	2.3
7.4467	2.2
7.4627	2.2
7.4786	2.1
7.4946	2.1
7.5106	2.0
7.5266	1.9
7.5426	1.9
7.5585	1.8
7.5745	1.7
7.5905	1.7
7.6065	1.6
7.6225	1.5
7.6384	1.5
7.6544	1.4
7.6704	1.3
7.6864	1.3
7.7024	1.2
7.7183	1.1
7.7343	1.1
7.7503	1.0
7.7663	1.0
7.7823	0.9
7.7982	0.8
7.8142	0.8
7.8302	0.7
7.8462	0.6
7.8622	0.6
7.8781	0.5
7.8941	0.4
7.9101	0.4
7.9261	0.3
7.9421	0.2
7.9580	0.2
7.9740	0.1
7.9900	0.0
8.0060	0.0
8.0220	0.0
8.0379	0.0
8.0539	0.0
8.0699	0.0
8.0859	0.0
8.1019	0.0
8.1178	0.0
8.1338	0.0
8.1498	0.0
8.1658	0.0
8.1818	0.0
8.1977	0.0
8.2137	0.0
8.2297	0.0
8.2457	0.0
8.2617	0.0
8.2776	0.0
8.2936	0.0
8.3096	0.0
8.3256	0.0
8.3416	0.0
8.3575	0.0
8.3735	0.0
8.3895	0.0
8.4055	0.0
8.4215	0.0
8.4374	0.0
8.4534	0.0
8.4694	0.0
8.4854	0.0
8.5014	0.0
8.5173	0.0
8.5333	0.0
8.5493	0.0
8.5653	0.0
8.5813	0.0
8.5972	0.0
8.6132	0.0
8.6292	0.0
8.6452	0.0
8.6612	0.0
8.6771	0.0
8.6931	0.0
8.7091	0.0
8.7251	0.0
8.7411	0.0
8.7570	0.0
8.7730	0.0
8.7890	0.0
8.8050	0.0
8.8210	0.0
8.8369	0.0
8.8529	0.0
8.8689	0.0
8.8849	0.0
8.9009	0.0
8.9168	0.0
8.9328	0.0
8.9488	0.0
8.9648	0.0
8.9808	0.0
8.9967	0.0
9.0127	0.0
9.0287	0.0
9.0447	0.0
9.0607	0.0
9.0766	0.0
9.0926	0.0
9.1086	0.0
9.1246	0.0
9.1406	0.0
9.1565	0.0
9.1725	0.0
9.1885	0.0
9.2045	0.0
9.2205	0.0
9.2364	0.0
9.2524	0.0
9.2684	0.0
9.2844	0.0
9.3004	0.0
9.3163	0.0
9.3323	0.0
9.3483	0.0
9.3643	0.0
9.3803	0.0
9.3962	0.0
9.4122	0.0
9.4282	0.0
9.4442	0.0
9.4602	0.0
9.4761	0.0
9.4921	0.0
9.5081	0.0
9.5241	0.0
9.5401	0.0
9.5560	0.0
9.5720	0.0
9.5880	0.0
9.6040	0.0
9.6200	0.0
9.6359	0.0
9.6519	0.0
9.6679	0.0
9.6839	0.0
9.6999	0.0
9.7158	0.0
9.7318	0.0
9.7478	0.0
9.7638	0.0
9.7798	0.0
9.7957	0.0
9.8117	0.0
9.8277	0.0
9.8437	0.0
9.8597	0.0
9.8756	0.0
9.8916	0.0
9.9076	0.0
9.9236	0.0
9.9396	0.0
9.9555	0.0
9.9715	0.0
9.9875	0.0
10.0035	0.0
10.0195	0.0
10.0354	0.0
10.0514	0.0
10.0674	0.0
10.0834	0.0
10.0994	0.0
10.1153	0.0
10.1313	0.0
10.1473	0.0
10.1633	0.0
10.1793	0.0
10.1952	0.0
10.2112	0.0
10.2272	0.0
10.2432	0.0
10.2592	0.0
10.2751	0.0
10.2911	0.0
10.3071	0.0
10.3231	0.0
10.3391	0.0
10.3550	0.0
10.3710	0.0
10.3870	0.0
10.4030	0.0
10.4190	0.0
10.4349	0.0
10.4509	0.0
10.4669	0.0
10.4829	0.0
10.4989	0.0
10.5148	0.0
10.5308	0.0
10.5468	0.0
10.5628	0.0
10.5788	0.0
10.5947	0.0
10.6107	0.0
10.6267	0.0
10.6427	0.0
10.6587	0.0
10.6746	0.0
10.6906	0.0
10.7066	0.0
10.7226	0.0
10.7386	0.0
10.7545	0.0
10.7705	0.0
10.7865	0.0
10.8025	0.0
10.8185	0.0
10.8344	0.0
10.8504	0.0
10.8664	0.0
10.8824	0.0
10.8984	0.0
10.9143	0.0
10.9303	0.0
10.9463	0.0
10.9623	0.0
10.9783	0.0
10.9942	0.0
11.0102	0.0
11.0262	0.0
11.0422	0.0
11.0582	0.0
11.0741	0.0
11.0901	0.0
11.1061	0.0
11.1221	0.0
11.1381	0.0
11.1540	0.0
11.1700	0.0
11.1860	0.0
11.2020	0.0
11.2180	0.0
11.2339	0.0
11.2499	0.0
11.2659	0.0
11.2819	0.0
11.2979	0.0
11.3138	0.0
11.3298	0.0
11.3458	0.0
11.3618	0.0
11.3778	0.0
11.3937	0.0
11.4097	0.0
11.4257	0.0
11.4417	0.0
11.4577	0.0
11.4736	0.0
11.4896	0.0
11.5056	0.0
11.5216	0.0
11.5376	0.0
11.5535	0.0
11.5695	0.0
11.5855	0.0
11.6015	0.0
11.6175	0.0
11.6334	0.0
11.6494	0.0
11.6654	0.0
11.6814	0.0
11.6974	0.0
11.7133	0.0
11.7293	0.0
11.7453	0.0
11.7613	0.0
11.7773	0.0
11.7932	0.0
11.8092	0.0
11.8252	0.0
11.8412	0.0
11.8572	0.0
11.8731	0.0
11.8891	0.0
11.9051	0.0
11.9211	0.0
11.9371	0.0
11.9530	0.0
11.9690	0.0
11.9850	0.0
12.0010	0.0
12.0170	0.0
12.0329	0.0
12.0489	0.0
12.0649	0.0
12.0809	0.0
12.0969	0.0
12.1128	0.0
12.1288	0.0
12.1448	0.0
12.1608	0.0
12.1768	0.0
12.1927	0.0
12.2087	0.0
12.2247	0.0
12.2407	0.0
12.2567	0.0
12.2726	0.0
12.2886	0.0
12.3046	0.0
12.3206	0.0
12.3366	0.0
12.3525	0.0
12.3685	0.0
12.3845	0.0
12.4005	0.0
12.4165	0.0
12.4324	0.0
12.4484	0.0
12.4644	0.0
12.4804	0.0
12.4964	0.0
12.5123	0.0
12.5283	0.0
12.5443	0.0
12.5603	0.0
12.5763	0.0
12.5922	0.0
12.6082	0.0
12.6242	0.0
12.6402	0.0
12.6562	0.0
12.6721	0.0
12.6881	0.0
12.7041	0.0
12.7201	0.0
12.7361	0.0
12.7520	0.0
12.7680	0.0
12.7840	0.0
12.8000	0.0
12.8160	0.0
12.8319	0.0
12.8479	0.0
12.8639	0.0
12.8799	0.0
12.8959	0.0
12.9118	0.0
12.9278	0.0
12.9438	0.0
12.9598	0.0
12.9758	0.0
12.9917	0.0
13.0077	0.0
13.0237	0.0
13.0397	0.0
13.0557	0.0
13.0716	0.0
13.0876	0.0
13.1036	0.0
13.1196	0.0
13.1356	0.0
13.1515	0.0
13.1675	0.0
13.1835	0.0
13.1995	0.0
13.2155	0.0
13.2314	0.0
13.2474	0.0
13.2634	0.0
13.2794	0.0
13.2954	0.0
13.3113	0.0
13.3273	0.0
13.3433	0.0
13.3593	0.0
13.3753	0.0
13.3912	0.0
13.4072	0.0
13.4232	0.0
13.4392	0.0
13.4552	0.0
13.4711	0.0
13.4871	0.0
13.5031	0.0
13.5191	0.0
13.5351	0.0
13.5510	0.0
13.5670	0.0
13.5830	0.0
13.5990	0.0
13.6150	0.0
13.6309	0.0
13.6469	0.0
13.6629	0.0
13.6789	0.0
13.6949	0.0
13.7108	0.0
13.7268	0.0
13.7428	0.0
13.7588	0.0
13.7748	0.0
13.7907	0.0
13.8067	0.0
13.8227	0.0
13.8387	0.0
13.8547	0.0
13.8706	0.0
13.8866	0.0
13.9026	0.0
13.9186	0.0
13.9346	0.0
13.9505	0.0
13.9665	0.0
13.9825	0.0
13.9985	0.0
14.0145	0.0
14.0304	0.0
14.0464	0.0
14.0624	0.0
14.0784	0.0
14.0944	0.0
14.1103	0.0
14.1263	0.0
14.1423	0.0
14.1583	0.0
14.1743	0.0
14.1902	0.0
14.2062	0.0
14.2222	0.0
14.2382	0.0
14.2542	0.0
14.2701	0.0
14.2861	0.0
14.3021	0.0
14.3181	0.0
14.3341	0.0
14.3500	0.0
14.3660	0.0
14.3820	0.0
14.3980	0.0
14.4140	0.0
14.4299	0.0
14.4459	0.0
14.4619	0.0
14.4779	0.0
14.4939	0.0
14.5098	0.0
14.5258	0.0
14.5418	0.0
14.5578	0.0
14.5738	0.0
14.5897	0.0
14.6057	0.0
14.6217	0.0
14.6377	0.0
14.6537	0.0
14.6696	0.0
14.6856	0.0
14.7016	0.0
14.7176	0.0
14.7336	0.0
14.7495	0.0
14.7655	0.0
14.7815	0.0
14.7975	0.0
14.8135	0.0
14.8294	0.0
14.8454	0.0
14.8614	0.0
14.8774	0.0
14.8934	0.0
14.9093	0.0
14.9253	0.0
14.9413	0.0
14.9573	0.0
14.9733	0.0
14.9892	0.0
15.0052	0.0
15.0212	0.0
15.0372	0.0
15.0532	0.0
15.0691	0.0
15.0851	0.0
15.1011	0.0
15.1171	0.0
15.1331	0.0
15.1490	0.0
15.1650	0.0
15.1810	0.0
15.1970	0.0
15.2130	0.0
15.2289	0.0
15.2449	0.0
15.2609	0.0
15.2769	0.0
15.2929	0.0
15.3088	0.0
15.3248	0.0
15.3408	0.0
15.3568	0.0
15.3728	0.0
15.3887	0.0
15.4047	0.0
15.4207	0.0
15.4367	0.0
15.4527	0.0
15.4686	0.0
15.4846	0.0
15.5006	0.0
15.5166	0.0
15.5326	0.0
15.5485	0.0
15.5645	0.0
15.5805	0.0
15.5965	0.0
15.6125	0.0
15.6284	0.0
15.6444	0.0
15.6604	0.0
15.6764	0.0
15.6924	0.0
15.7083	0.0
15.7243	0.0
15.7403	0.0
15.7563	0.0
15.7723	0.0
15.7882	0.0
15.8042	0.0
15.8202	0.0
15.8362	0.0
15.8522	0.0
15.8681	0.0
15.8841	0.0
15.9001	0.0
15.9161	0.0
15.9321	0.0
15.9480	0.0
15.9640	0.0
15.9800	0.0
15.9960	0.0
16.0120	0.0
16.0279	0.0
16.0439	0.0
16.0599	0.0
16.0759	0.0
16.0919	0.0
16.1078	0.0
16.1238	0.0
16.1398	0.0
16.1558	0.0
16.1718	0.0
16.1877	0.0
16.2037	0.0
16.2197	0.0
16.2357	0.0
16.2517	0.0
16.2676	0.0
16.2836	0.0
16.2996	0.0
16.3156	0.0
16.3316	0.0
16.3475	0.0
16.3635	0.0
16.3795	0.0
16.3955	0.0
16.4115	0.0
16.4274	0.0
16.4434	0.0
16.4594	0.0
16.4754	0.0
16.4914	0.0
16.5073	0.0
16.5233	0.0
16.5393	0.0
16.5553	0.0
16.5713	0.0
16.5872	0.0
16.6032	0.0
16.6192	0.0
16.6352	0.0
16.6512	0.0
16.6671	0.0
16.6831	0.0
16.6991	0.0
16.7151	0.0
16.7311	0.0
16.7470	0.0
16.7630	0.0
16.7790	0.0
16.7950	0.0
16.8110	0.0
16.8269	0.0
16.8429	0.0
16.8589	0.0
16.8749	0.0
16.8909	0.0
16.9068	0.0
16.9228	0.0
16.9388	0.0
16.9548	0.0
16.9708	0.0
16.9867	0.0
17.0027	0.0
17.0187	0.0
17.0347	0.0
17.0507	0.0
17.0666	0.0
17.0826	0.0
17.0986	0.0
17.1146	0.0
17.1306	0.0
17.1465	0.0
17.1625	0.0
17.1785	0.0
17.1945	0.0
17.2105	0.0
17.2264	0.0
17.2424	0.0
17.2584	0.0
17.2744	0.0
17.2904	0.0
17.3063	0.0
17.3223	0.0
17.3383	0.0
17.3543	0.0
17.3703	0.0
17.3862	0.0
17.4022	0.0
17.4182	0.0
17.4342	0.0
17.4502	0.0
17.4661	0.0
17.4821	0.0
17.4981	0.0
17.5141	0.0
17.5301	0.0
17.5460	0.0
17.5620	0.0
17.5780	0.0
17.5940	0.0
17.6100	0.0
17.6259	0.0
17.6419	0.0
17.6579	0.0
17.6739	0.0
17.6899	0.0
17.7058	0.0
17.7218	0.0
17.7378	0.0
17.7538	0.0
17.7698	0.0
17.7857	0.0
17.8017	0.0
17.8177	0.0
17.8337	0.0
17.8497	0.0
17.8656	0.0
17.8816	0.0
17.8976	0.0
17.9136	0.0
17.9296	0.0
17.9455	0.0
17.9615	0.0
17.9775	0.0
17.9935	0.0
18.0095	0.0
18.0254	0.0
18.0414	0.0
18.0574	0.0
18.0734	0.0
18.0894	0.0
18.1053	0.0
18.1213	0.0
18.1373	0.0
18.1533	0.0
18.1693	0.0
18.1852	0.0
18.2012	0.0
18.2172	0.0
18.2332	0.0
18.2492	0.0
18.2651	0.0
18.2811	0.0
18.2971	0.0
18.3131	0.0
18.3291	0.0
18.3450	0.0
18.3610	0.0
18.3770	0.0
18.3930	0.0
18.4090	0.0
18.4249	0.0
18.4409	0.0
18.4569	0.0
18.4729	0.0
18.4889	0.0
18.5048	0.0
18.5208	0.0
18.5368	0.0
18.5528	0.0
18.5688	0.0
18.5847	0.0
18.6007	0.0
18.6167	0.0
18.6327	0.0
18.6487	0.0
18.6646	0.0
18.6806	0.0
18.6966	0.0
18.7126	0.0
18.7286	0.0
18.7445	0.0
18.7605	0.0
18.7765	0.0
18.7925	0.0
18.8085	0.0
18.8244	0.0
18.8404	0.0
18.8564	0.0
18.8724	0.0
18.8884	0.0
18.9043	0.0
18.9203	0.0
18.9363	0.0
18.9523	0.0
18.9683	0.0
18.9842	0.0
19.0002	0.0
19.0162	0.0
19.0322	0.0
19.0482	0.0
19.0641	0.0
19.0801	0.0
19.0961	0.0
19.1121	0.0
19.1281	0.0
19.1440	0.0
19.1600	0.0
19.1760	0.0
19.1920	0.0
19.2080	0.0
19.2239	0.0
19.2399	0.0
19.2559	0.0
19.2719	0.0
19.2879	0.0
19.3038	0.0
19.3198	0.0
19.3358	0.0
19.3518	0.0
19.3678	0.0
19.3837	0.0
19.3997	0.0
19.4157	0.0
19.4317	0.0
19.4477	0.0
19.4636	0.0
19.4796	0.0
19.4956	0.0
19.5116	0.0
19.5276	0.0
19.5435	0.0
19.5595	0.0
19.5755	0.0
19.5915	0.0
19.6075	0.0
19.6234	0.0
19.6394	0.0
19.6554	0.0
19.6714	0.0
19.6874	0.0
19.7033	0.0
19.7193	0.0
19.7353	0.0
19.7513	0.0
19.7673	0.0
19.7832	0.0
19.7992	0.0
19.8152	0.0
19.8312	0.0
19.8472	0.0
19.8631	0.0
19.8791	0.0
19.8951	0.0
19.9111	0.0
19.9271	0.0
19.9430	0.0
19.9590	0.0
19.9750	0.0
19.9910	0.0
20.0070	0.0
20.0229	0.0
20.0389	0.0
20.0549	0.0
20.0709	0.0
20.0869	0.0
20.1028	0.0
20.1188	0.0
20.1348	0.0
20.1508	0.0
20.1668	0.0
20.1827	0.0
20.1987	0.0
20.2147	0.0
20.2307	0.0
20.2467	0.0
20.2626	0.0
20.2786	0.0
20.2946	0.0
20.3106	0.0
20.3266	0.0
20.3425	0.0
20.3585	0.0
20.3745	0.0
20.3905	0.0
20.4065	0.0
20.4224	0.0
20.4384	0.0
20.4544	0.0
20.4704	0.0
20.4864	0.0
20.5023	0.0
20.5183	0.0
20.5343	0.0
20.5503	0.0
20.5663	0.0
20.5822	0.0
20.5982	0.0
20.6142	0.0
20.6302	0.0
20.6462	0.0
20.6621	0.0
20.6781	0.0
20.6941	0.0
20.7101	0.0
20.7261	0.0
20.7420	0.0
20.7580	0.0
20.7740	0.0
20.7900	0.0
20.8060	0.0
20.8219	0.0
20.8379	0.0
20.8539	0.0
20.8699	0.0
20.8859	0.0
20.9018	0.0
20.9178	0.0
20.9338	0.0
20.9498	0.0
20.9658	0.0
20.9817	0.0
20.9977	0.0
21.0137	0.0
21.0297	0.0
21.0457	0.0
21.0616	0.0
21.0776	0.0
21.0936	0.0
21.1096	0.0
21.1256	0.0
21.1415	0.0
21.1575	0.0
21.1735	0.0
21.1895	0.0
21.2055	0.0
21.2214	0.0
21.2374	0.0
21.2534	0.0
21.2694	0.0
21.2854	0.0
21.3013	0.0
21.3173	0.0
21.3333	0.0
21.3493	0.0
21.3653	0.0
21.3812	0.0
21.3972	0.0
21.4132	0.0
21.4292	0.0
21.4452	0.0
21.4611	0.0
21.4771	0.0
21.4931	0.0
21.5091	0.0
21.5251	0.0
21.5410	0.0
21.5570	0.0
21.5730	0.0
21.5890	0.0
21.6050	0.0
21.6209	0.0
21.6369	0.0
21.6529	0.0
21.6689	0.0
21.6849	0.0
21.7008	0.0
21.7168	0.0
21.7328	0.0
21.7488	0.0
21.7648	0.0
21.7807	0.0
21.7967	0.0
21.8127	0.0
21.8287	0.0
21.8447	0.0
21.8606	0.0
21.8766	0.0
21.8926	0.0
21.9086	0.0
21.9246	0.0
21.9405	0.0
21.9565	0.0
21.9725	0.0
21.9885	0.0
22.0045	0.0
22.0204	0.0
22.0364	0.0
22.0524	0.0
22.0684	0.0
22.0844	0.0
22.1003	0.0
22.1163	0.0
22.1323	0.0
22.1483	0.0
22.1643	0.0
22.1802	0.0
22.1962	0.0
22.2122	0.0
22.2282	0.0
22.2442	0.0
22.2601	0.0
22.2761	0.0
22.2921	0.0
22.3081	0.0
22.3241	0.0
22.3400	0.0
22.3560	0.0
22.3720	0.0
22.3880	0.0
22.4040	0.0
22.4199	0.0
22.4359	0.0
22.4519	0.0
22.4679	0.0
22.4839	0.0
22.4998	0.0
22.5158	0.0
22.5318	0.0
22.5478	0.0
22.5638	0.0
22.5797	0.0
22.5957	0.0
22.6117	0.0
22.6277	0.0
22.6437	0.0
22.6596	0.0
22.6756	0.0
22.6916	0.0
22.7076	0.0
22.7236	0.0
22.7395	0.0
22.7555	0.0
22.7715	0.0
22.7875	0.0
22.8035	0.0
22.8194	0.0
22.8354	0.0
22.8514	0.0
22.8674	0.0
22.8834	0.0
22.8993	0.0
22.9153	0.0
22.9313	0.0
22.9473	0.0
22.9633	0.0
22.9792	0.0
22.9952	0.0
23.0112	0.0
23.0272	0.0
23.0432	0.0
23.0591	0.0
23.0751	0.0
23.0911	0.0
23.1071	0.0
23.1231	0.0
23.1390	0.0
23.1550	0.0
23.1710	0.0
23.1870	0.0
23.2030	0.0
23.2189	0.0
23.2349	0.0
23.2509	0.0
23.2669	0.0
23.2829	0.0
23.2988	0.0
23.3148	0.0
23.3308	0.0
23.3468	0.0
23.3628	0.0
23.3787	0.0
23.3947	0.0
23.4107	0.0
23.4267	0.0
23.4427	0.0
23.4586	0.0
23.4746	0.0
23.4906	0.0
23.5066	0.0
23.5226	0.0
23.5385	0.0
23.5545	0.0
23.5705	0.0
23.5865	0.0
23.6025	0.0
23.6184	0.0
23.6344	0.0
23.6504	0.0
23.6664	0.0
23.6824	0.0
23.6983	0.0
23.7143	0.0
23.7303	0.0
23.7463	0.0
23.7623	0.0
23.7782	0.0
23.7942	0.0
23.8102	0.0
23.8262	0.0
23.8422	0.0
23.8581	0.0
23.8741	0.0
23.8901	0.0
23.9061	0.0
23.9221	0.0
23.9380	0.0
23.9540	0.0
23.9700	0.0
23.9860	0.0
24.0020	0.0
24.0179	0.0
24.0339	0.0
24.0499	0.0
24.0659	0.0
24.0819	0.0
24.0978	0.0
24.1138	0.0
24.1298	0.0
24.1458	0.0
24.1618	0.0
24.1777	0.0
24.1937	0.0
24.2097	0.0
24.2257	0.0
24.2417	0.0
24.2576	0.0
24.2736	0.0
24.2896	0.0
24.3056	0.0
24.3216	0.0
24.3375	0.0
24.3535	0.0
24.3695	0.0
24.3855	0.0
24.4015	0.0
24.4174	0.0
24.4334	0.0
24.4494	0.0
24.4654	0.0
24.4814	0.0
24.4973	0.0
24.5133	0.0
24.5293	0.0
24.5453	0.0
24.5613	0.0
24.5772	0.0
24.5932	0.0
24.6092	0.0
24.6252	0.0
24.6412	0.0
24.6571	0.0
24.6731	0.0
24.6891	0.0
24.7051	0.0
24.7211	0.0
24.7370	0.0
24.7530	0.0
24.7690	0.0
24.7850	0.0
24.8010	0.0
24.8169	0.0
24.8329	0.0
24.8489	0.0
24.8649	0.0
24.8809	0.0
24.8968	0.0
24.9128	0.0
24.9288	0.0
24.9448	0.0
24.9608	0.0
24.9767	0.0
24.9927	0.0
25.0087	0.0
25.0247	0.0
25.0407	0.0
25.0566	0.0
25.0726	0.0
25.0886	0.0
25.1046	0.0
25.1206	0.0
25.1365	0.0
25.1525	0.0
25.1685	0.0
25.1845	0.0
25.2005	0.0
25.2164	0.0
25.2324	0.0
25.2484	0.0
25.2644	0.0
25.2804	0.0
25.2963	0.0
25.3123	0.0
25.3283	0.0
25.3443	0.0
25.3603	0.0
25.3762	0.0
25.3922	0.0
25.4082	0.0
25.4242	0.0
25.4402	0.0
25.4561	0.0
25.4721	0.0
25.4881	0.0
25.5041	0.0
25.5201	0.0
25.5360	0.0
25.5520	0.0
25.5680	0.0
25.5840	0.0
25.6000	0.0
25.6159	0.0
25.6319	0.0
25.6479	0.0
25.6639	0.0
25.6799	0.0
25.6958	0.0
25.7118	0.0
25.7278	0.0
25.7438	0.0
25.7598	0.0
25.7757	0.0
25.7917	0.0
25.8077	0.0
25.8237	0.0
25.8397	0.0
25.8556	0.0
25.8716	0.0
25.8876	0.0
25.9036	0.0
25.9196	0.0
25.9355	0.0
25.9515	0.0
25.9675	0.0
25.9835	0.0
25.9995	0.0
26.0154	0.0
26.0314	0.0
26.0474	0.0
26.0634	0.0
26.0794	0.0
26.0953	0.0
26.1113	0.0
26.1273	0.0
26.1433	0.0
26.1593	0.0
26.1752	0.0
26.1912	0.0
26.2072	0.0
26.2232	0.0
26.2392	0.0
26.2551	0.0
26.2711	0.0
26.2871	0.0
26.3031	0.0
26.3191	0.0
26.3350	0.0
26.3510	0.0
26.3670	0.0
26.3830	0.0
26.3990	0.0
26.4149	0.0
26.4309	0.0
26.4469	0.0
26.4629	0.0
26.4789	0.0
26.4948	0.0
26.5108	0.0
26.5268	0.0
26.5428	0.0
26.5588	0.0
26.5747	0.0
26.5907	0.0
26.6067	0.0
26.6227	0.0
26.6387	0.0
26.6546	0.0
26.6706	0.0
26.6866	0.0
26.7026	0.0
26.7186	0.0
26.7345	0.0
26.7505	0.0
26.7665	0.0
26.7825	0.0
26.7985	0.0
26.8144	0.0
26.8304	0.0
26.8464	0.0
26.8624	0.0
26.8784	0.0
26.8943	0.0
26.9103	0.0
26.9263	0.0
26.9423	0.0
26.9583	0.0
26.9742	0.0
26.9902	0.0
27.0062	0.0
27.0222	0.0
27.0382	0.0
27.0541	0.0
27.0701	0.0
27.0861	0.0
27.1021	0.0
27.1181	0.0
27.1340	0.0
27.1500	0.0
27.1660	0.0
27.1820	0.0
27.1980	0.0
27.2139	0.0
27.2299	0.0
27.2459	0.0
27.2619	0.0
27.2779	0.0
27.2938	0.0
27.3098	0.0
27.3258	0.0
27.3418	0.0
27.3578	0.0
27.3737	0.0
27.3897	0.0
27.4057	0.0
27.4217	0.0
27.4377	0.0
27.4536	0.0
27.4696	0.0
27.4856	0.0
27.5016	0.0
27.5176	0.0
27.5335	0.0
27.5495	0.0
27.5655	0.0
27.5815	0.0
27.5975	0.0
27.6134	0.0
27.6294	0.0
27.6454	0.0
27.6614	0.0
27.6774	0.0
27.6933	0.0
27.7093	0.0
27.7253	0.0
27.7413	0.0
27.7573	0.0
27.7732	0.0
27.7892	0.0
27.8052	0.0
27.8212	0.0
27.8372	0.0
27.8531	0.0
27.8691	0.0
27.8851	0.0
27.9011	0.0
27.9171	0.0
27.9330	0.0
27.9490	0.0
27.9650	0.0
27.9810	0.0
27.9970	0.0
28.0129	0.0
28.0289	0.0
28.0449	0.0
28.0609	0.0
28.0769	0.0
28.0928	0.0
28.1088	0.0
28.1248	0.0
28.1408	0.0
28.1568	0.0
28.1727	0.0
28.1887	0.0
28.2047	0.0
28.2207	0.0
28.2367	0.0
28.2526	0.0
28.2686	0.0
28.2846	0.0
28.3006	0.0
28.3166	0.0
28.3325	0.0
28.3485	0.0
28.3645	0.0
28.3805	0.0
28.3965	0.0
28.4124	0.0
28.4284	0.0
28.4444	0.0
28.4604	0.0
28.4764	0.0
28.4923	0.0
28.5083	0.0
28.5243	0.0
28.5403	0.0
28.5563	0.0
28.5722	0.0
28.5882	0.0
28.6042	0.0
28.6202	0.0
28.6362	0.0
28.6521	0.0
28.6681	0.0
28.6841	0.0
28.7001	0.0
28.7161	0.0
28.7320	0.0
28.7480	0.0
28.7640	0.0
28.7800	0.0
28.7960	0.0
28.8119	0.0
28.8279	0.0
28.8439	0.0
28.8599	0.0
28.8759	0.0
28.8918	0.0
28.9078	0.0
28.9238	0.0
28.9398	0.0
28.9558	0.0
28.9717	0.0
28.9877	0.0
29.0037	0.0
29.0197	0.0
29.0357	0.0
29.0516	0.0
29.0676	0.0
29.0836	0.0
29.0996	0.0
29.1156	0.0
29.1315	0.0
29.1475	0.0
29.1635	0.0
29.1795	0.0
29.1955	0.0
29.2114	0.0
29.2274	0.0
29.2434	0.0
29.2594	0.0
29.2754	0.0
29.2913	0.0
29.3073	0.0
29.3233	0.0
29.3393	0.0
29.3553	0.0
29.3712	0.0
29.3872	0.0
29.4032	0.0
29.4192	0.0
29.4352	0.0
29.4511	0.0
29.4671	0.0
29.4831	0.0
29.4991	0.0
29.5151	0.0
29.5310	0.0
29.5470	0.0
29.5630	0.0
29.5790	0.0
29.5950	0.0
29.6109	0.0
29.6269	0.0
29.6429	0.0
29.6589	0.0
29.6749	0.0
29.6908	0.0
29.7068	0.0
29.7228	0.0
29.7388	0.0
29.7548	0.0
29.7707	0.0
29.7867	0.0
29.8027	0.0
29.8187	0.0
29.8347	0.0
29.8506	0.0
29.8666	0.0
29.8826	0.0
29.8986	0.0
29.9146	0.0
29.9305	0.0
29.9465	0.0
29.9625	0.0
29.9785	0.0
29.9945	0.0
30.0104	0.0
30.0264	0.0
30.0424	0.0
30.0584	0.0
30.0744	0.0
30.0903	0.0
30.1063	0.0
30.1223	0.0
30.1383	0.0
30.1543	0.0
30.1702	0.0
30.1862	0.0
30.2022	0.0
30.2182	0.0
30.2342	0.0
30.2501	0.0
30.2661	0.0
30.2821	0.0
30.2981	0.0
30.3141	0.0
30.3300	0.0
30.3460	0.0
30.3620	0.0
30.3780	0.0
30.3940	0.0
30.4099	0.0
30.4259	0.0
30.4419	0.0
30.4579	0.0
30.4739	0.0
30.4898	0.0
30.5058	0.0
30.5218	0.0
30.5378	0.0
30.5538	0.0
30.5697	0.0
30.5857	0.0
30.6017	0.0
30.6177	0.0
30.6337	0.0
30.6496	0.0
30.6656	0.0
30.6816	0.0
30.6976	0.0
30.7136	0.0
30.7295	0.0
30.7455	0.0
30.7615	0.0
30.7775	0.0
30.7935	0.0
30.8094	0.0
30.8254	0.0
30.8414	0.0
30.8574	0.0
30.8734	0.0
30.8893	0.0
30.9053	0.0
30.9213	0.0
30.9373	0.0
30.9533	0.0
30.9692	0.0
30.9852	0.0
31.0012	0.0
31.0172	0.0
31.0332	0.0
31.0491	0.0
31.0651	0.0
31.0811	0.0
31.0971	0.0
31.1131	0.0
31.1290	0.0
31.1450	0.0
31.1610	0.0
31.1770	0.0
31.1930	0.0
31.2089	0.0
31.2249	0.0
31.2409	0.0
31.2569	0.0
31.2729	0.0
31.2888	0.0
31.3048	0.0
31.3208	0.0
31.3368	0.0
31.3528	0.0
31.3687	0.0
31.3847	0.0
31.4007	0.0
31.4167	0.0
31.4327	0.0
31.4486	0.0
31.4646	0.0
31.4806	0.0
31.4966	0.0
31.5126	0.0
31.5285	0.0
31.5445	0.0
31.5605	0.0
31.5765	0.0
31.5925	0.0
31.6084	0.0
31.6244	0.0
31.6404	0.0
31.6564	0.0
31.6724	0.0
31.6883	0.0
31.7043	0.0
31.7203	0.0
31.7363	0.0
31.7523	0.0
31.7682	0.0
31.7842	0.0
31.8002	0.0
31.8162	0.0
31.8322	0.0
31.8481	0.0
31.8641	0.0
31.8801	0.0
31.8961	0.0
31.9121	0.0
31.9280	0.0
31.9440	0.0
31.9600	0.0
31.9760	0.0
31.9920	0.0
32.0079	0.0
32.0239	0.0
32.0399	0.0
32.0559	0.0
32.0719	0.0
32.0878	0.0
32.1038	0.0
32.1198	0.0
32.1358	0.0
32.1518	0.0
32.1677	0.0
32.1837	0.0
32.1997	0.0
32.2157	0.0
32.2317	0.0
32.2476	0.0
32.2636	0.0
32.2796	0.0
32.2956	0.0
32.3116	0.0
32.3275	0.0
32.3435	0.0
32.3595	0.0
32.3755	0.0
32.3915	0.0
32.4074	0.0
32.4234	0.0
32.4394	0.0
32.4554	0.0
32.4714	0.0
32.4873	0.0
32.5033	0.0
32.5193	0.0
32.5353	0.0
32.5513	0.0
32.5672	0.0
32.5832	0.0
32.5992	0.0
32.6152	0.0
32.6312	0.0
32.6471	0.0
32.6631	0.0
32.6791	0.0
32.6951	0.0
32.7111	0.0
32.7270	0.0
32.7430	0.0
32.7590	0.0
32.7750	0.0
32.7910	0.0
32.8069	0.0
32.8229	0.0
32.8389	0.0
32.8549	0.0
32.8709	0.0
32.8868	0.0
32.9028	0.0
32.9188	0.0
32.9348	0.0
32.9508	0.0
32.9667	0.0
32.9827	0.0
32.9987	0.0
33.0147	0.0
33.0307	0.0
33.0466	0.0
33.0626	0.0
33.0786	0.0
33.0946	0.0
33.1106	0.0
33.1265	0.0
33.1425	0.0
33.1585	0.0
33.1745	0.0
33.1905	0.0
33.2064	0.0
33.2224	0.0
33.2384	0.0
33.2544	0.0
33.2704	0.0
33.2863	0.0
33.3023	0.0
33.3183	0.0
33.3343	0.0
33.3503	0.0
33.3662	0.0
33.3822	0.0
33.3982	0.0
33.4142	0.0
33.4302	0.0
33.4461	0.0
33.4621	0.0
33.4781	0.0
33.4941	0.0
33.5101	0.0
33.5260	0.0
33.5420	0.0
33.5580	0.0
33.5740	0.0
33.5900	0.0
33.6059	0.0
33.6219	0.0
33.6379	0.0
33.6539	0.0
33.6699	0.0
33.6858	0.0
33.7018	0.0
33.7178	0.0
33.7338	0.0
33.7498	0.0
33.7657	0.0
33.7817	0.0
33.7977	0.0
33.8137	0.0
33.8297	0.0
33.8456	0.0
33.8616	0.0
33.8776	0.0
33.8936	0.0
33.9096	0.0
33.9255	0.0
33.9415	0.0
33.9575	0.0
33.9735	0.0
33.9895	0.0
34.0054	0.0
34.0214	0.0
34.0374	0.0
34.0534	0.0
34.0694	0.0
34.0853	0.0
34.1013	0.0
34.1173	0.0
34.1333	0.0
34.1493	0.0
34.1652	0.0
34.1812	0.0
34.1972	0.0
34.2132	0.0
34.2292	0.0
34.2451	0.0
34.2611	0.0
34.2771	0.0
34.2931	0.0
34.3091	0.0
34.3250	0.0
34.3410	0.0
34.3570	0.0
34.3730	0.0
34.3890	0.0
34.4049	0.0
34.4209	0.0
34.4369	0.0
34.4529	0.0
34.4689	0.0
34.4848	0.0
34.5008	0.0
34.5168	0.0
34.5328	0.0
34.5488	0.0
34.5647	0.0
34.5807	0.0
34.5967	0.0
34.6127	0.0
34.6287	0.0
34.6446	0.0
34.6606	0.0
34.6766	0.0
34.6926	0.0
34.7086	0.0
34.7245	0.0
34.7405	0.0
34.7565	0.0
34.7725	0.0
34.7885	0.0
34.8044	0.0
34.8204	0.0
34.8364	0.0
34.8524	0.0
34.8684	0.0
34.8843	0.0
34.9003	0.0
34.9163	0.0
34.9323	0.0
34.9483	0.0
34.9642	0.0
34.9802	0.0
34.9962	0.0
35.0122	0.0
35.0282	0.0
35.0441	0.0
35.0601	0.0
35.0761	0.0
35.0921	0.0
35.1081	0.0
35.1240	0.0
35.1400	0.0
35.1560	0.0
35.1720	0.0
35.1880	0.0
35.2039	0.0
35.2199	0.0
35.2359	0.0
35.2519	0.0
35.2679	0.0
35.2838	0.0
35.2998	0.0
35.3158	0.0
35.3318	0.0
35.3478	0.0
35.3637	0.0
35.3797	0.0
35.3957	0.0
35.4117	0.0
35.4277	0.0
35.4436	0.0
35.4596	0.0
35.4756	0.0
35.4916	0.0
35.5076	0.0
35.5235	0.0
35.5395	0.0
35.5555	0.0
35.5715	0.0
35.5875	0.0
35.6034	0.0
35.6194	0.0
35.6354	0.0
35.6514	0.0
35.6674	0.0
35.6833	0.0
35.6993	0.0
35.7153	0.0
35.7313	0.0
35.7473	0.0
35.7632	0.0
35.7792	0.0
35.7952	0.0
35.8112	0.0
35.8272	0.0
35.8431	0.0
35.8591	0.0
35.8751	0.0
35.8911	0.0
35.9071	0.0
35.9230	0.0
35.9390	0.0
35.9550	0.0
35.9710	0.0
35.9870	0.0
36.0029	0.0
36.0189	0.0
36.0349	0.0
36.0509	0.0
36.0669	0.0
36.0828	0.0
36.0988	0.0
36.1148	0.0
36.1308	0.0
36.1468	0.0
36.1627	0.0
36.1787	0.0
36.1947	0.0
36.2107	0.0
36.2267	0.0
36.2426	0.0
36.2586	0.0
36.2746	0.0
36.2906	0.0
36.3066	0.0
36.3225	0.0
36.3385	0.0
36.3545	0.0
36.3705	0.0
36.3865	0.0
36.4024	0.0
36.4184	0.0
36.4344	0.0
36.4504	0.0
36.4664	0.0
36.4823	0.0
36.4983	0.0
36.5143	0.0
36.5303	0.0
36.5463	0.0
36.5622	0.0
36.5782	0.0
36.5942	0.0
36.6102	0.0
36.6262	0.0
36.6421	0.0
36.6581	0.0
36.6741	0.0
36.6901	0.0
36.7061	0.0
36.7220	0.0
36.7380	0.0
36.7540	0.0
36.7700	0.0
36.7860	0.0
36.8019	0.0
36.8179	0.0
36.8339	0.0
36.8499	0.0
36.8659	0.0
36.8818	0.0
36.8978	0.0
36.9138	0.0
36.9298	0.0
36.9458	0.0
36.9617	0.0
36.9777	0.0
36.9937	0.0
37.0097	0.0
37.0257	0.0
37.0416	0.0
37.0576	0.0
37.0736	0.0
37.0896	0.0
37.1056	0.0
37.1215	0.0
37.1375	0.0
37.1535	0.0
37.1695	0.0
37.1855	0.0
37.2014	0.0
37.2174	0.0
37.2334	0.0
37.2494	0.0
37.2654	0.0
37.2813	0.0
37.2973	0.0
37.3133	0.0
37.3293	0.0
37.3453	0.0
37.3612	0.0
37.3772	0.0
37.3932	0.0
37.4092	0.0
37.4252	0.0
37.4411	0.0
37.4571	0.0
37.4731	0.0
37.4891	0.0
37.5051	0.0
37.5210	0.0
37.5370	0.0
37.5530	0.0
37.5690	0.0
37.5850	0.0
37.6009	0.0
37.6169	0.0
37.6329	0.0
37.6489	0.0
37.6649	0.0
37.6808	0.0
37.6968	0.0
37.7128	0.0
37.7288	0.0
37.7448	0.0
37.7607	0.0
37.7767	0.0
37.7927	0.0
37.8087	0.0
37.8247	0.0
37.8406	0.0
37.8566	0.0
37.8726	0.0
37.8886	0.0
37.9046	0.0
37.9205	0.0
37.9365	0.0
37.9525	0.0
37.9685	0.0
37.9845	0.0
38.0004	0.0
38.0164	0.0
38.0324	0.0
38.0484	0.0
38.0644	0.0
38.0803	0.0
38.0963	0.0
38.1123	0.0
38.1283	0.0
38.1443	0.0
38.1602	0.0
38.1762	0.0
38.1922	0.0
38.2082	0.0
38.2242	0.0
38.2401	0.0
38.2561	0.0
38.2721	0.0
38.2881	0.0
38.3041	0.0
38.3200	0.0
38.3360	0.0
38.3520	0.0
38.3680	0.0
38.3840	0.0
38.3999	0.0
38.4159	0.0
38.4319	0.0
38.4479	0.0
38.4639	0.0
38.4798	0.0
38.4958	0.0
38.5118	0.0
38.5278	0.0
38.5438	0.0
38.5597	0.0
38.5757	0.0
38.5917	0.0
38.6077	0.0
38.6237	0.0
38.6396	0.0
38.6556	0.0
38.6716	0.0
38.6876	0.0
38.7036	0.0
38.7195	0.0
38.7355	0.0
38.7515	0.0
38.7675	0.0
38.7835	0.0
38.7994	0.0
38.8154	0.0
38.8314	0.0
38.8474	0.0
38.8634	0.0
38.8793	0.0
38.8953	0.0
38.9113	0.0
38.9273	0.0
38.9433	0.0
38.9592	0.0
38.9752	0.0
38.9912	0.0
39.0072	0.0
39.0232	0.0
39.0391	0.0
39.0551	0.0
39.0711	0.0
39.0871	0.0
39.1031	0.0
39.1190	0.0
39.1350	0.0
39.1510	0.0
39.1670	0.0
39.1830	0.0
39.1989	0.0
39.2149	0.0
39.2309	0.0
39.2469	0.0
39.2629	0.0
39.2788	0.0
39.2948	0.0
39.3108	0.0
39.3268	0.0
39.3428	0.0
39.3587	0.0
39.3747	0.0
39.3907	0.0
39.4067	0.0
39.4227	0.0
39.4386	0.0
39.4546	0.0
39.4706	0.0
39.4866	0.0
39.5026	0.0
39.5185	0.0
39.5345	0.0
39.5505	0.0
39.5665	0.0
39.5825	0.0
39.5984	0.0
39.6144	0.0
39.6304	0.0
39.6464	0.0
39.6624	0.0
39.6783	0.0
39.6943	0.0
39.7103	0.0
39.7263	0.0
39.7423	0.0
39.7582	0.0
39.7742	0.0
39.7902	0.0
39.8062	0.0
39.8222	0.0
39.8381	0.0
39.8541	0.0
39.8701	0.0
39.8861	0.0
39.9021	0.0
39.9180	0.0
39.9340	0.0
39.9500	0.0
39.9660	0.0
39.9820	0.0
39.9979	0.0
40.0139	0.0
40.0299	0.0
40.0459	0.0
40.0619	0.0
40.0778	0.0
40.0938	0.0
40.1098	0.0
40.1258	0.0
40.1418	0.0
40.1577	0.0
40.1737	0.0
40.1897	0.0
40.2057	0.0
40.2217	0.0
40.2376	0.0
40.2536	0.0
40.2696	0.0
40.2856	0.0
40.3016	0.0
40.3175	0.0
40.3335	0.0
40.3495	0.0
40.3655	0.0
40.3815	0.0
40.3974	0.0
40.4134	0.0
40.4294	0.0
40.4454	0.0
40.4614	0.0
40.4773	0.0
40.4933	0.0
40.5093	0.0
40.5253	0.0
40.5413	0.0
40.5572	0.0
40.5732	0.0
40.5892	0.0
40.6052	0.0
40.6212	0.0
40.6371	0.0
40.6531	0.0
40.6691	0.0
40.6851	0.0
40.7011	0.0
40.7170	0.0
40.7330	0.0
40.7490	0.0
40.7650	0.0
40.7810	0.0
40.7969	0.0
40.8129	0.0
40.8289	0.0
40.8449	0.0
40.8609	0.0
40.8768	0.0
40.8928	0.0
40.9088	0.0
40.9248	0.0
40.9408	0.0
40.9567	0.0
40.9727	0.0
40.9887	0.0
41.0047	0.0
41.0207	0.0
41.0366	0.0
41.0526	0.0
41.0686	0.0
41.0846	0.0
41.1006	0.0
41.1165	0.0
41.1325	0.0
41.1485	0.0
41.1645	0.0
41.1805	0.0
41.1964	0.0
41.2124	0.0
41.2284	0.0
41.2444	0.0
41.2604	0.0
41.2763	0.0
41.2923	0.0
41.3083	0.0
41.3243	0.0
41.3403	0.0
41.3562	0.0
41.3722	0.0
41.3882	0.0
41.4042	0.0
41.4202	0.0
41.4361	0.0
41.4521	0.0
41.4681	0.0
41.4841	0.0
41.5001	0.0
41.5160	0.0
41.5320	0.0
41.5480	0.0
41.5640	0.0
41.5800	0.0
41.5959	0.0
41.6119	0.0
41.6279	0.0
41.6439	0.0
41.6599	0.0
41.6758	0.0
41.6918	0.0
41.7078	0.0
41.7238	0.0
41.7398	0.0
41.7557	0.0
41.7717	0.0
41.7877	0.0
41.8037	0.0
41.8197	0.0
41.8356	0.0
41.8516	0.0
41.8676	0.0
41.8836	0.0
41.8996	0.0
41.9155	0.0
41.9315	0.0
41.9475	0.0
41.9635	0.0
41.9795	0.0
41.9954	0.0
42.0114	0.0
42.0274	0.0
42.0434	0.0
42.0594	0.0
42.0753	0.0
42.0913	0.0
42.1073	0.0
42.1233	0.0
42.1393	0.0
42.1552	0.0
42.1712	0.0
42.1872	0.0
42.2032	0.0
42.2192	0.0
42.2351	0.0
42.2511	0.0
42.2671	0.0
42.2831	0.0
42.2991	0.0
42.3150	0.0
42.3310	0.0
42.3470	0.0
42.3630	0.0
42.3790	0.0
42.3949	0.0
42.4109	0.0
42.4269	0.0
42.4429	0.0
42.4589	0.0
42.4748	0.0
42.4908	0.0
42.5068	0.0
42.5228	0.0
42.5388	0.0
42.5547	0.0
42.5707	0.0
42.5867	0.0
42.6027	0.0
42.6187	0.0
42.6346	0.0
42.6506	0.0
42.6666	0.0
42.6826	0.0
42.6986	0.0
42.7145	0.0
42.7305	0.0
42.7465	0.0
42.7625	0.0
42.7785	0.0
42.7944	0.0
42.8104	0.0
42.8264	0.0
42.8424	0.0
42.8584	0.0
42.8743	0.0
42.8903	0.0
42.9063	0.0
42.9223	0.0
42.9383	0.0
42.9542	0.0
42.9702	0.0
42.9862	0.0
43.0022	0.0
43.0182	0.0
43.0341	0.0
43.0501	0.0
43.0661	0.0
43.0821	0.0
43.0981	0.0
43.1140	0.0
43.1300	0.0
43.1460	0.0
43.1620	0.0
43.1780	0.0
43.1939	0.0
43.2099	0.0
43.2259	0.0
43.2419	0.0
43.2579	0.0
43.2738	0.0
43.2898	0.0
43.3058	0.0
43.3218	0.0
43.3378	0.0
43.3537	0.0
43.3697	0.0
43.3857	0.0
43.4017	0.0
43.4177	0.0
43.4336	0.0
43.4496	0.0
43.4656	0.0
43.4816	0.0
43.4976	0.0
43.5135	0.0
43.5295	0.0
43.5455	0.0
43.5615	0.0
43.5775	0.0
43.5934	0.0
43.6094	0.0
43.6254	0.0
43.6414	0.0
43.6574	0.0
43.6733	0.0
43.6893	0.0
43.7053	0.0
43.7213	0.0
43.7373	0.0
43.7532	0.0
43.7692	0.0
43.7852	0.0
43.8012	0.0
43.8172	0.0
43.8331	0.0
43.8491	0.0
43.8651	0.0
43.8811	0.0
43.8971	0.0
43.9130	0.0
43.9290	0.0
43.9450	0.0
43.9610	0.0
43.9770	0.0
43.9929	0.0
44.0089	0.0
44.0249	0.0
44.0409	0.0
44.0569	0.0
44.0728	0.0
44.0888	0.0
44.1048	0.0
44.1208	0.0
44.1368	0.0
44.1527	0.0
44.1687	0.0
44.1847	0.0
44.2007	0.0
44.2167	0.0
44.2326	0.0
44.2486	0.0
44.2646	0.0
44.2806	0.0
44.2966	0.0
44.3125	0.0
44.3285	0.0
44.3445	0.0
44.3605	0.0
44.3765	0.0
44.3924	0.0
44.4084	0.0
44.4244	0.0
44.4404	0.0
44.4564	0.0
44.4723	0.0
44.4883	0.0
44.5043	0.0
44.5203	0.0
44.5363	0.0
44.5522	0.0
44.5682	0.0
44.5842	0.0
44.6002	0.0
44.6162	0.0
44.6321	0.0
44.6481	0.0
44.6641	0.0
44.6801	0.0
44.6961	0.0
44.7120	0.0
44.7280	0.0
44.7440	0.0
44.7600	0.0
44.7760	0.0
44.7919	0.0
44.8079	0.0
44.8239	0.0
44.8399	0.0
44.8559	0.0
44.8718	0.0
44.8878	0.0
44.9038	0.0
44.9198	0.0
44.9358	0.0
44.9517	0.0
44.9677	0.0
44.9837	0.0
44.9997	0.0
45.0157	0.0
45.0316	0.0
45.0476	0.0
45.0636	0.0
45.0796	0.0
45.0956	0.0
45.1115	0.0
45.1275	0.0
45.1435	0.0
45.1595	0.0
45.1755	0.0
45.1914	0.0
45.2074	0.0
45.2234	0.0
45.2394	0.0
45.2554	0.0
45.2713	0.0
45.2873	0.0
45.3033	0.0
45.3193	0.0
45.3353	0.0
45.3512	0.0
45.3672	0.0
45.3832	0.0
45.3992	0.0
45.4152	0.0
45.4311	0.0
45.4471	0.0
45.4631	0.0
45.4791	0.0
45.4951	0.0
45.5110	0.0
45.5270	0.0
45.5430	0.0
45.5590	0.0
45.5750	0.0
45.5909	0.0
45.6069	0.0
45.6229	0.0
45.6389	0.0
45.6549	0.0
45.6708	0.0
45.6868	0.0
45.7028	0.0
45.7188	0.0
45.7348	0.0
45.7507	0.0
45.7667	0.0
45.7827	0.0
45.7987	0.0
45.8147	0.0
45.8306	0.0
45.8466	0.0
45.8626	0.0
45.8786	0.0
45.8946	0.0
45.9105	0.0
45.9265	0.0
45.9425	0.0
45.9585	0.0
45.9745	0.0
45.9904	0.0
46.0064	0.0
46.0224	0.0
46.0384	0.0
46.0544	0.0
46.0703	0.0
46.0863	0.0
46.1023	0.0
46.1183	0.0
46.1343	0.0
46.1502	0.0
46.1662	0.0
46.1822	0.0
46.1982	0.0
46.2142	0.0
46.2301	0.0
46.2461	0.0
46.2621	0.0
46.2781	0.0
46.2941	0.0
46.3100	0.0
46.3260	0.0
46.3420	0.0
46.3580	0.0
46.3740	0.0
46.3899	0.0
46.4059	0.0
46.4219	0.0
46.4379	0.0
46.4539	0.0
46.4698	0.0
46.4858	0.0
46.5018	0.0
46.5178	0.0
46.5338	0.0
46.5497	0.0
46.5657	0.0
46.5817	0.0
46.5977	0.0
46.6137	0.0
46.6296	0.0
46.6456	0.0
46.6616	0.0
46.6776	0.0
46.6936	0.0
46.7095	0.0
46.7255	0.0
46.7415	0.0
46.7575	0.0
46.7735	0.0
46.7894	0.0
46.8054	0.0
46.8214	0.0
46.8374	0.0
46.8534	0.0
46.8693	0.0
46.8853	0.0
46.9013	0.0
46.9173	0.0
46.9333	0.0
46.9492	0.0
46.9652	0.0
46.9812	0.0
46.9972	0.0
47.0132	0.0
47.0291	0.0
47.0451	0.0
47.0611	0.0
47.0771	0.0
47.0931	0.0
47.1090	0.0
47.1250	0.0
47.1410	0.0
47.1570	0.0
47.1730	0.0
47.1889	0.0
47.2049	0.0
47.2209	0.0
47.2369	0.0
47.2529	0.0
47.2688	0.0
47.2848	0.0
47.3008	0.0
47.3168	0.0
47.3328	0.0
47.3487	0.0
47.3647	0.0
47.3807	0.0
47.3967	0.0
47.4127	0.0
47.4286	0.0
47.4446	0.0
47.4606	0.0
47.4766	0.0
47.4926	0.0
47.5085	0.0
47.5245	0.0
47.5405	0.0
47.5565	0.0
47.5725	0.0
47.5884	0.0
47.6044	0.0
47.6204	0.0
47.6364	0.0
47.6524	0.0
47.6683	0.0
47.6843	0.0
47.7003	0.0
47.7163	0.0
47.7323	0.0
47.7482	0.0
47.7642	0.0
47.7802	0.0
47.7962	0.0
47.8122	0.0
47.8281	0.0
47.8441	0.0
47.8601	0.0
47.8761	0.0
47.8921	0.0
47.9080	0.0
47.9240	0.0
47.9400	0.0
47.9560	0.0
47.9720	0.0
47.9879	0.0
48.0039	0.0
48.0199	0.0
48.0359	0.0
48.0519	0.0
48.0678	0.0
48.0838	0.0
48.0998	0.0
48.1158	0.0
48.1318	0.0
48.1477	0.0
48.1637	0.0
48.1797	0.0
48.1957	0.0
48.2117	0.0
48.2276	0.0
48.2436	0.0
48.2596	0.0
48.2756	0.0
48.2916	0.0
48.3075	0.0
48.3235	0.0
48.3395	0.0
48.3555	0.0
48.3715	0.0
48.3874	0.0
48.4034	0.0
48.4194	0.0
48.4354	0.0
48.4514	0.0
48.4673	0.0
48.4833	0.0
48.4993	0.0
48.5153	0.0
48.5313	0.0
48.5472	0.0
48.5632	0.0
48.5792	0.0
48.5952	0.0
48.6112	0.0
48.6271	0.0
48.6431	0.0
48.6591	0.0
48.6751	0.0
48.6911	0.0
48.7070	0.0
48.7230	0.0
48.7390	0.0
48.7550	0.0
48.7710	0.0
48.7869	0.0
48.8029	0.0
48.8189	0.0
48.8349	0.0
48.8509	0.0
48.8668	0.0
48.8828	0.0
48.8988	0.0
48.9148	0.0
48.9308	0.0
48.9467	0.0
48.9627	0.0
48.9787	0.0
48.9947	0.0
49.0107	0.0
49.0266	0.0
49.0426	0.0
49.0586	0.0
49.0746	0.0
49.0906	0.0
49.1065	0.0
49.1225	0.0
49.1385	0.0
49.1545	0.0
49.1705	0.0
49.1864	0.0
49.2024	0.0
49.2184	0.0
49.2344	0.0
49.2504	0.0
49.2663	0.0
49.2823	0.0
49.2983	0.0
49.3143	0.0
49.3303	0.0
49.3462	0.0
49.3622	0.0
49.3782	0.0
49.3942	0.0
49.4102	0.0
49.4261	0.0
49.4421	0.0
49.4581	0.0
49.4741	0.0
49.4901	0.0
49.5060	0.0
49.5220	0.0
49.5380	0.0
49.5540	0.0
49.5700	0.0
49.5859	0.0
49.6019	0.0
49.6179	0.0
49.6339	0.0
49.6499	0.0
49.6658	0.0
49.6818	0.0
49.6978	0.0
49.7138	0.0
49.7298	0.0
49.7457	0.0
49.7617	0.0
49.7777	0.0
49.7937	0.0
49.8097	0.0
49.8256	0.0
49.8416	0.0
49.8576	0.0
49.8736	0.0
49.8896	0.0
49.9055	0.0
49.9215	0.0
49.9375	0.0
49.9535	0.0
49.9695	0.0
49.9854	0.0
50.0014	0.0
50.0174	0.0
50.0334	0.0
50.0494	0.0
50.0653	0.0
50.0813	0.0
50.0973	0.0
50.1133	0.0
50.1293	0.0
50.1452	0.0
50.1612	0.0
50.1772	0.0
50.1932	0.0
50.2092	0.0
50.2251	0.0
50.2411	0.0
50.2571	0.0
50.2731	0.0
50.2891	0.0
50.3050	0.0
50.3210	0.0
50.3370	0.0
50.3530	0.0
50.3690	0.0
50.3849	0.0
50.4009	0.0
50.4169	0.0
50.4329	0.0
50.4489	0.0
50.4648	0.0
50.4808	0.0
50.4968	0.0
50.5128	0.0
50.5288	0.0
50.5447	0.0
50.5607	0.0
50.5767	0.0
50.5927	0.0
50.6087	0.0
50.6246	0.0
50.6406	0.0
50.6566	0.0
50.6726	0.0
50.6886	0.0
50.7045	0.0
50.7205	0.0